#
# Sample name: InSpector 1000 spectrum

# Sample id: 
# Sample type: 
# User name: 
# Sample description: 
#
# Start time: 02-01-2080, 03:51:39
# Real time (s): 7200.000
# Live time (s): 7184.360
#
# Total counts: 595752
#
# Left marker: 0
# Right marker: 0
# Counts: 0
#
# Energy calibration coefficients (E = sum(Ai * n**i))
#    A0 = -1.180800e+00
#    A1 = 6.000133e+00
#    A2 = -1.330662e-04
#    A3 = 0.000000e+00
# Energy unit: keV
#
# Shape calibration coefficients (FWHM = B0 + B1*E^(1/2)  Low Tail= B2 + B3*E)
#    B0 = 1.118000e+00
#    B1 = 8.218000e-01
#    B2 = 0.000000e+00
#    B3 = 0.000000e+00
# Energy unit: keV
#
# Channel data
#     n     energy(keV)     counts     rate(1/s)
#--------------------------------------------------
   1	4.819e+00	0	0.000e+00
   2	1.082e+01	0	0.000e+00
   3	1.682e+01	0	0.000e+00
   4	2.282e+01	0	0.000e+00
   5	2.882e+01	0	0.000e+00
   6	3.482e+01	0	0.000e+00
   7	4.081e+01	13754	1.914e+00
   8	4.681e+01	6868	9.560e-01
   9	5.281e+01	6728	9.365e-01
  10	5.881e+01	7083	9.859e-01
  11	6.480e+01	7515	1.046e+00
  12	7.080e+01	7988	1.112e+00
  13	7.680e+01	8551	1.190e+00
  14	8.279e+01	9144	1.273e+00
  15	8.879e+01	9739	1.356e+00
  16	9.479e+01	10489	1.460e+00
  17	1.008e+02	10787	1.501e+00
  18	1.068e+02	11296	1.572e+00
  19	1.128e+02	11867	1.652e+00
  20	1.188e+02	12207	1.699e+00
  21	1.248e+02	12186	1.696e+00
  22	1.308e+02	12141	1.690e+00
  23	1.368e+02	11913	1.658e+00
  24	1.427e+02	11661	1.623e+00
  25	1.487e+02	11827	1.646e+00
  26	1.547e+02	11079	1.542e+00
  27	1.607e+02	10844	1.509e+00
  28	1.667e+02	10465	1.457e+00
  29	1.727e+02	9804	1.365e+00
  30	1.787e+02	9759	1.358e+00
  31	1.847e+02	9224	1.284e+00
  32	1.907e+02	8819	1.228e+00
  33	1.967e+02	8310	1.157e+00
  34	2.027e+02	8049	1.120e+00
  35	2.087e+02	7570	1.054e+00
  36	2.147e+02	7352	1.023e+00
  37	2.206e+02	6905	9.611e-01
  38	2.266e+02	6636	9.237e-01
  39	2.326e+02	6609	9.199e-01
  40	2.386e+02	5918	8.237e-01
  41	2.446e+02	5341	7.434e-01
  42	2.506e+02	5004	6.965e-01
  43	2.566e+02	4735	6.591e-01
  44	2.626e+02	4515	6.284e-01
  45	2.686e+02	4342	6.044e-01
  46	2.745e+02	4010	5.582e-01
  47	2.805e+02	4039	5.622e-01
  48	2.865e+02	3939	5.483e-01
  49	2.925e+02	3619	5.037e-01
  50	2.985e+02	3470	4.830e-01
  51	3.045e+02	3335	4.642e-01
  52	3.105e+02	3266	4.546e-01
  53	3.165e+02	2999	4.174e-01
  54	3.224e+02	2925	4.071e-01
  55	3.284e+02	3082	4.290e-01
  56	3.344e+02	3019	4.202e-01
  57	3.404e+02	2973	4.138e-01
  58	3.464e+02	2941	4.094e-01
  59	3.524e+02	2626	3.655e-01
  60	3.583e+02	2450	3.410e-01
  61	3.643e+02	2242	3.121e-01
  62	3.703e+02	2304	3.207e-01
  63	3.763e+02	2208	3.073e-01
  64	3.823e+02	2208	3.073e-01
  65	3.883e+02	2139	2.977e-01
  66	3.942e+02	2110	2.937e-01
  67	4.002e+02	2005	2.791e-01
  68	4.062e+02	2027	2.821e-01
  69	4.122e+02	1987	2.766e-01
  70	4.182e+02	1935	2.693e-01
  71	4.242e+02	1913	2.663e-01
  72	4.301e+02	1820	2.533e-01
  73	4.361e+02	1855	2.582e-01
  74	4.421e+02	1827	2.543e-01
  75	4.481e+02	1758	2.447e-01
  76	4.541e+02	1734	2.414e-01
  77	4.600e+02	1685	2.345e-01
  78	4.660e+02	1689	2.351e-01
  79	4.720e+02	1566	2.180e-01
  80	4.780e+02	1639	2.281e-01
  81	4.840e+02	1581	2.201e-01
  82	4.899e+02	1702	2.369e-01
  83	4.959e+02	1714	2.386e-01
  84	5.019e+02	1695	2.359e-01
  85	5.079e+02	1718	2.391e-01
  86	5.138e+02	1502	2.091e-01
  87	5.198e+02	1456	2.027e-01
  88	5.258e+02	1469	2.045e-01
  89	5.318e+02	1479	2.059e-01
  90	5.378e+02	1492	2.077e-01
  91	5.437e+02	1375	1.914e-01
  92	5.497e+02	1487	2.070e-01
  93	5.557e+02	1472	2.049e-01
  94	5.617e+02	1527	2.125e-01
  95	5.676e+02	1521	2.117e-01
  96	5.736e+02	1495	2.081e-01
  97	5.796e+02	1483	2.064e-01
  98	5.856e+02	1485	2.067e-01
  99	5.915e+02	1521	2.117e-01
 100	5.975e+02	1529	2.128e-01
 101	6.035e+02	1432	1.993e-01
 102	6.094e+02	1345	1.872e-01
 103	6.154e+02	1207	1.680e-01
 104	6.214e+02	1075	1.496e-01
 105	6.274e+02	1119	1.558e-01
 106	6.333e+02	1182	1.645e-01
 107	6.393e+02	1117	1.555e-01
 108	6.453e+02	1108	1.542e-01
 109	6.513e+02	1025	1.427e-01
 110	6.572e+02	1024	1.425e-01
 111	6.632e+02	1042	1.450e-01
 112	6.692e+02	1002	1.395e-01
 113	6.751e+02	1008	1.403e-01
 114	6.811e+02	982	1.367e-01
 115	6.871e+02	899	1.251e-01
 116	6.930e+02	949	1.321e-01
 117	6.990e+02	945	1.315e-01
 118	7.050e+02	903	1.257e-01
 119	7.110e+02	929	1.293e-01
 120	7.169e+02	945	1.315e-01
 121	7.229e+02	847	1.179e-01
 122	7.289e+02	889	1.237e-01
 123	7.348e+02	828	1.153e-01
 124	7.408e+02	891	1.240e-01
 125	7.468e+02	861	1.198e-01
 126	7.527e+02	840	1.169e-01
 127	7.587e+02	983	1.368e-01
 128	7.647e+02	1141	1.588e-01
 129	7.706e+02	1320	1.837e-01
 130	7.766e+02	1421	1.978e-01
 131	7.826e+02	1548	2.155e-01
 132	7.885e+02	1602	2.230e-01
 133	7.945e+02	1515	2.109e-01
 134	8.004e+02	1451	2.020e-01
 135	8.064e+02	1506	2.096e-01
 136	8.124e+02	1479	2.059e-01
 137	8.183e+02	1433	1.995e-01
 138	8.243e+02	1417	1.972e-01
 139	8.303e+02	1380	1.921e-01
 140	8.362e+02	1384	1.926e-01
 141	8.422e+02	1371	1.908e-01
 142	8.482e+02	1317	1.833e-01
 143	8.541e+02	1305	1.816e-01
 144	8.601e+02	1290	1.796e-01
 145	8.660e+02	1286	1.790e-01
 146	8.720e+02	1371	1.908e-01
 147	8.780e+02	1329	1.850e-01
 148	8.839e+02	1286	1.790e-01
 149	8.899e+02	1310	1.823e-01
 150	8.958e+02	1275	1.775e-01
 151	9.018e+02	1251	1.741e-01
 152	9.078e+02	1168	1.626e-01
 153	9.137e+02	1180	1.642e-01
 154	9.197e+02	1124	1.565e-01
 155	9.256e+02	1168	1.626e-01
 156	9.316e+02	1131	1.574e-01
 157	9.376e+02	1197	1.666e-01
 158	9.435e+02	1127	1.569e-01
 159	9.495e+02	1123	1.563e-01
 160	9.554e+02	964	1.342e-01
 161	9.614e+02	952	1.325e-01
 162	9.673e+02	882	1.228e-01
 163	9.733e+02	830	1.155e-01
 164	9.793e+02	827	1.151e-01
 165	9.852e+02	840	1.169e-01
 166	9.912e+02	751	1.045e-01
 167	9.971e+02	713	9.924e-02
 168	1.003e+03	695	9.674e-02
 169	1.009e+03	695	9.674e-02
 170	1.015e+03	694	9.660e-02
 171	1.021e+03	598	8.324e-02
 172	1.027e+03	655	9.117e-02
 173	1.033e+03	649	9.034e-02
 174	1.039e+03	631	8.783e-02
 175	1.045e+03	667	9.284e-02
 176	1.051e+03	634	8.825e-02
 177	1.057e+03	662	9.214e-02
 178	1.063e+03	655	9.117e-02
 179	1.069e+03	686	9.549e-02
 180	1.075e+03	688	9.576e-02
 181	1.080e+03	695	9.674e-02
 182	1.086e+03	656	9.131e-02
 183	1.092e+03	722	1.005e-01
 184	1.098e+03	690	9.604e-02
 185	1.104e+03	727	1.012e-01
 186	1.110e+03	724	1.008e-01
 187	1.116e+03	685	9.535e-02
 188	1.122e+03	661	9.201e-02
 189	1.128e+03	690	9.604e-02
 190	1.134e+03	705	9.813e-02
 191	1.140e+03	629	8.755e-02
 192	1.146e+03	706	9.827e-02
 193	1.152e+03	673	9.368e-02
 194	1.158e+03	720	1.002e-01
 195	1.164e+03	715	9.952e-02
 196	1.170e+03	670	9.326e-02
 197	1.176e+03	659	9.173e-02
 198	1.182e+03	644	8.964e-02
 199	1.188e+03	660	9.187e-02
 200	1.194e+03	639	8.894e-02
 201	1.199e+03	611	8.505e-02
 202	1.205e+03	591	8.226e-02
 203	1.211e+03	544	7.572e-02
 204	1.217e+03	441	6.138e-02
 205	1.223e+03	444	6.180e-02
 206	1.229e+03	374	5.206e-02
 207	1.235e+03	363	5.053e-02
 208	1.241e+03	316	4.398e-02
 209	1.247e+03	319	4.440e-02
 210	1.253e+03	300	4.176e-02
 211	1.259e+03	281	3.911e-02
 212	1.265e+03	232	3.229e-02
 213	1.271e+03	266	3.702e-02
 214	1.277e+03	232	3.229e-02
 215	1.283e+03	207	2.881e-02
 216	1.289e+03	204	2.840e-02
 217	1.295e+03	199	2.770e-02
 218	1.301e+03	157	2.185e-02
 219	1.306e+03	151	2.102e-02
 220	1.312e+03	138	1.921e-02
 221	1.318e+03	149	2.074e-02
 222	1.324e+03	147	2.046e-02
 223	1.330e+03	126	1.754e-02
 224	1.336e+03	136	1.893e-02
 225	1.342e+03	153	2.130e-02
 226	1.348e+03	152	2.116e-02
 227	1.354e+03	140	1.949e-02
 228	1.360e+03	164	2.283e-02
 229	1.366e+03	165	2.297e-02
 230	1.372e+03	217	3.020e-02
 231	1.378e+03	356	4.955e-02
 232	1.384e+03	555	7.725e-02
 233	1.390e+03	847	1.179e-01
 234	1.396e+03	1135	1.580e-01
 235	1.402e+03	1575	2.192e-01
 236	1.407e+03	1930	2.686e-01
 237	1.413e+03	2188	3.046e-01
 238	1.419e+03	2627	3.657e-01
 239	1.425e+03	2904	4.042e-01
 240	1.431e+03	2944	4.098e-01
 241	1.437e+03	2763	3.846e-01
 242	1.443e+03	2332	3.246e-01
 243	1.449e+03	1607	2.237e-01
 244	1.455e+03	1005	1.399e-01
 245	1.461e+03	507	7.057e-02
 246	1.467e+03	256	3.563e-02
 247	1.473e+03	135	1.879e-02
 248	1.479e+03	93	1.294e-02
 249	1.485e+03	64	8.908e-03
 250	1.491e+03	55	7.656e-03
 251	1.496e+03	39	5.428e-03
 252	1.502e+03	53	7.377e-03
 253	1.508e+03	38	5.289e-03
 254	1.514e+03	38	5.289e-03
 255	1.520e+03	49	6.820e-03
 256	1.526e+03	46	6.403e-03
