#
# Sample name: InSpector 1000 spectrum

# Sample id: 
# Sample type: 
# User name: 
# Sample description: 
#
# Start time: 29-01-2080, 10:23:02
# Real time (s): 66.450
# Live time (s): 66.290
#
# Total counts: 9593
#
# Left marker: 0
# Right marker: 0
# Counts: 0
#
# Energy calibration coefficients (E = sum(Ai * n**i))
#    A0 = -1.180800e+00
#    A1 = 6.000133e+00
#    A2 = -1.330662e-04
#    A3 = 0.000000e+00
# Energy unit: keV
#
# Shape calibration coefficients (FWHM = B0 + B1*E^(1/2)  Low Tail= B2 + B3*E)
#    B0 = 1.118000e+00
#    B1 = 8.218000e-01
#    B2 = 0.000000e+00
#    B3 = 0.000000e+00
# Energy unit: keV
#
# Channel data
#     n     energy(keV)     counts     rate(1/s)
#--------------------------------------------------
   1	4.819e+00	0	0.000e+00
   2	1.082e+01	0	0.000e+00
   3	1.682e+01	0	0.000e+00
   4	2.282e+01	0	0.000e+00
   5	2.882e+01	0	0.000e+00
   6	3.482e+01	0	0.000e+00
   7	4.081e+01	174	2.625e+00
   8	4.681e+01	138	2.082e+00
   9	5.281e+01	155	2.338e+00
  10	5.881e+01	186	2.806e+00
  11	6.480e+01	228	3.439e+00
  12	7.080e+01	281	4.239e+00
  13	7.680e+01	291	4.390e+00
  14	8.279e+01	297	4.480e+00
  15	8.879e+01	267	4.028e+00
  16	9.479e+01	306	4.616e+00
  17	1.008e+02	275	4.148e+00
  18	1.068e+02	252	3.801e+00
  19	1.128e+02	258	3.892e+00
  20	1.188e+02	227	3.424e+00
  21	1.248e+02	255	3.847e+00
  22	1.308e+02	204	3.077e+00
  23	1.368e+02	227	3.424e+00
  24	1.427e+02	204	3.077e+00
  25	1.487e+02	186	2.806e+00
  26	1.547e+02	168	2.534e+00
  27	1.607e+02	166	2.504e+00
  28	1.667e+02	138	2.082e+00
  29	1.727e+02	168	2.534e+00
  30	1.787e+02	145	2.187e+00
  31	1.847e+02	145	2.187e+00
  32	1.907e+02	139	2.097e+00
  33	1.967e+02	123	1.855e+00
  34	2.027e+02	111	1.674e+00
  35	2.087e+02	104	1.569e+00
  36	2.147e+02	105	1.584e+00
  37	2.206e+02	84	1.267e+00
  38	2.266e+02	85	1.282e+00
  39	2.326e+02	92	1.388e+00
  40	2.386e+02	92	1.388e+00
  41	2.446e+02	66	9.956e-01
  42	2.506e+02	72	1.086e+00
  43	2.566e+02	72	1.086e+00
  44	2.626e+02	54	8.146e-01
  45	2.686e+02	64	9.655e-01
  46	2.745e+02	53	7.995e-01
  47	2.805e+02	53	7.995e-01
  48	2.865e+02	55	8.297e-01
  49	2.925e+02	52	7.844e-01
  50	2.985e+02	54	8.146e-01
  51	3.045e+02	40	6.034e-01
  52	3.105e+02	39	5.883e-01
  53	3.165e+02	46	6.939e-01
  54	3.224e+02	35	5.280e-01
  55	3.284e+02	38	5.732e-01
  56	3.344e+02	47	7.090e-01
  57	3.404e+02	48	7.241e-01
  58	3.464e+02	35	5.280e-01
  59	3.524e+02	46	6.939e-01
  60	3.583e+02	28	4.224e-01
  61	3.643e+02	44	6.638e-01
  62	3.703e+02	33	4.978e-01
  63	3.763e+02	24	3.620e-01
  64	3.823e+02	26	3.922e-01
  65	3.883e+02	27	4.073e-01
  66	3.942e+02	28	4.224e-01
  67	4.002e+02	38	5.732e-01
  68	4.062e+02	28	4.224e-01
  69	4.122e+02	27	4.073e-01
  70	4.182e+02	24	3.620e-01
  71	4.242e+02	19	2.866e-01
  72	4.301e+02	22	3.319e-01
  73	4.361e+02	23	3.470e-01
  74	4.421e+02	24	3.620e-01
  75	4.481e+02	19	2.866e-01
  76	4.541e+02	18	2.715e-01
  77	4.600e+02	28	4.224e-01
  78	4.660e+02	16	2.414e-01
  79	4.720e+02	25	3.771e-01
  80	4.780e+02	27	4.073e-01
  81	4.840e+02	17	2.564e-01
  82	4.899e+02	21	3.168e-01
  83	4.959e+02	30	4.526e-01
  84	5.019e+02	25	3.771e-01
  85	5.079e+02	19	2.866e-01
  86	5.138e+02	24	3.620e-01
  87	5.198e+02	16	2.414e-01
  88	5.258e+02	19	2.866e-01
  89	5.318e+02	13	1.961e-01
  90	5.378e+02	11	1.659e-01
  91	5.437e+02	16	2.414e-01
  92	5.497e+02	17	2.564e-01
  93	5.557e+02	15	2.263e-01
  94	5.617e+02	23	3.470e-01
  95	5.676e+02	13	1.961e-01
  96	5.736e+02	21	3.168e-01
  97	5.796e+02	15	2.263e-01
  98	5.856e+02	20	3.017e-01
  99	5.915e+02	18	2.715e-01
 100	5.975e+02	30	4.526e-01
 101	6.035e+02	14	2.112e-01
 102	6.094e+02	15	2.263e-01
 103	6.154e+02	16	2.414e-01
 104	6.214e+02	10	1.509e-01
 105	6.274e+02	11	1.659e-01
 106	6.333e+02	13	1.961e-01
 107	6.393e+02	15	2.263e-01
 108	6.453e+02	14	2.112e-01
 109	6.513e+02	14	2.112e-01
 110	6.572e+02	12	1.810e-01
 111	6.632e+02	13	1.961e-01
 112	6.692e+02	11	1.659e-01
 113	6.751e+02	10	1.509e-01
 114	6.811e+02	9	1.358e-01
 115	6.871e+02	13	1.961e-01
 116	6.930e+02	16	2.414e-01
 117	6.990e+02	7	1.056e-01
 118	7.050e+02	8	1.207e-01
 119	7.110e+02	9	1.358e-01
 120	7.169e+02	13	1.961e-01
 121	7.229e+02	5	7.543e-02
 122	7.289e+02	10	1.509e-01
 123	7.348e+02	4	6.034e-02
 124	7.408e+02	13	1.961e-01
 125	7.468e+02	7	1.056e-01
 126	7.527e+02	8	1.207e-01
 127	7.587e+02	7	1.056e-01
 128	7.647e+02	10	1.509e-01
 129	7.706e+02	8	1.207e-01
 130	7.766e+02	16	2.414e-01
 131	7.826e+02	13	1.961e-01
 132	7.885e+02	22	3.319e-01
 133	7.945e+02	14	2.112e-01
 134	8.004e+02	19	2.866e-01
 135	8.064e+02	15	2.263e-01
 136	8.124e+02	14	2.112e-01
 137	8.183e+02	17	2.564e-01
 138	8.243e+02	23	3.470e-01
 139	8.303e+02	17	2.564e-01
 140	8.362e+02	16	2.414e-01
 141	8.422e+02	16	2.414e-01
 142	8.482e+02	11	1.659e-01
 143	8.541e+02	13	1.961e-01
 144	8.601e+02	12	1.810e-01
 145	8.660e+02	17	2.564e-01
 146	8.720e+02	12	1.810e-01
 147	8.780e+02	13	1.961e-01
 148	8.839e+02	18	2.715e-01
 149	8.899e+02	17	2.564e-01
 150	8.958e+02	8	1.207e-01
 151	9.018e+02	17	2.564e-01
 152	9.078e+02	20	3.017e-01
 153	9.137e+02	12	1.810e-01
 154	9.197e+02	10	1.509e-01
 155	9.256e+02	10	1.509e-01
 156	9.316e+02	11	1.659e-01
 157	9.376e+02	13	1.961e-01
 158	9.435e+02	16	2.414e-01
 159	9.495e+02	14	2.112e-01
 160	9.554e+02	12	1.810e-01
 161	9.614e+02	18	2.715e-01
 162	9.673e+02	7	1.056e-01
 163	9.733e+02	6	9.051e-02
 164	9.793e+02	8	1.207e-01
 165	9.852e+02	9	1.358e-01
 166	9.912e+02	10	1.509e-01
 167	9.971e+02	8	1.207e-01
 168	1.003e+03	14	2.112e-01
 169	1.009e+03	5	7.543e-02
 170	1.015e+03	12	1.810e-01
 171	1.021e+03	8	1.207e-01
 172	1.027e+03	3	4.526e-02
 173	1.033e+03	5	7.543e-02
 174	1.039e+03	8	1.207e-01
 175	1.045e+03	5	7.543e-02
 176	1.051e+03	3	4.526e-02
 177	1.057e+03	6	9.051e-02
 178	1.063e+03	4	6.034e-02
 179	1.069e+03	9	1.358e-01
 180	1.075e+03	8	1.207e-01
 181	1.080e+03	7	1.056e-01
 182	1.086e+03	4	6.034e-02
 183	1.092e+03	10	1.509e-01
 184	1.098e+03	6	9.051e-02
 185	1.104e+03	15	2.263e-01
 186	1.110e+03	8	1.207e-01
 187	1.116e+03	4	6.034e-02
 188	1.122e+03	6	9.051e-02
 189	1.128e+03	9	1.358e-01
 190	1.134e+03	9	1.358e-01
 191	1.140e+03	5	7.543e-02
 192	1.146e+03	8	1.207e-01
 193	1.152e+03	7	1.056e-01
 194	1.158e+03	6	9.051e-02
 195	1.164e+03	6	9.051e-02
 196	1.170e+03	5	7.543e-02
 197	1.176e+03	4	6.034e-02
 198	1.182e+03	11	1.659e-01
 199	1.188e+03	8	1.207e-01
 200	1.194e+03	8	1.207e-01
 201	1.199e+03	5	7.543e-02
 202	1.205e+03	5	7.543e-02
 203	1.211e+03	7	1.056e-01
 204	1.217e+03	3	4.526e-02
 205	1.223e+03	4	6.034e-02
 206	1.229e+03	4	6.034e-02
 207	1.235e+03	7	1.056e-01
 208	1.241e+03	3	4.526e-02
 209	1.247e+03	4	6.034e-02
 210	1.253e+03	6	9.051e-02
 211	1.259e+03	3	4.526e-02
 212	1.265e+03	5	7.543e-02
 213	1.271e+03	2	3.017e-02
 214	1.277e+03	4	6.034e-02
 215	1.283e+03	3	4.526e-02
 216	1.289e+03	1	1.509e-02
 217	1.295e+03	2	3.017e-02
 218	1.301e+03	2	3.017e-02
 219	1.306e+03	0	0.000e+00
 220	1.312e+03	1	1.509e-02
 221	1.318e+03	3	4.526e-02
 222	1.324e+03	0	0.000e+00
 223	1.330e+03	3	4.526e-02
 224	1.336e+03	3	4.526e-02
 225	1.342e+03	2	3.017e-02
 226	1.348e+03	2	3.017e-02
 227	1.354e+03	1	1.509e-02
 228	1.360e+03	1	1.509e-02
 229	1.366e+03	1	1.509e-02
 230	1.372e+03	3	4.526e-02
 231	1.378e+03	1	1.509e-02
 232	1.384e+03	8	1.207e-01
 233	1.390e+03	7	1.056e-01
 234	1.396e+03	11	1.659e-01
 235	1.402e+03	4	6.034e-02
 236	1.407e+03	11	1.659e-01
 237	1.413e+03	20	3.017e-01
 238	1.419e+03	36	5.431e-01
 239	1.425e+03	24	3.620e-01
 240	1.431e+03	26	3.922e-01
 241	1.437e+03	24	3.620e-01
 242	1.443e+03	26	3.922e-01
 243	1.449e+03	25	3.771e-01
 244	1.455e+03	12	1.810e-01
 245	1.461e+03	7	1.056e-01
 246	1.467e+03	5	7.543e-02
 247	1.473e+03	0	0.000e+00
 248	1.479e+03	0	0.000e+00
 249	1.485e+03	2	3.017e-02
 250	1.491e+03	0	0.000e+00
 251	1.496e+03	1	1.509e-02
 252	1.502e+03	0	0.000e+00
 253	1.508e+03	0	0.000e+00
 254	1.514e+03	0	0.000e+00
 255	1.520e+03	1	1.509e-02
 256	1.526e+03	1	1.509e-02
